3
4
3
3
3
3
3
3
3
3
3
4
3
4
3
4
4
4
4
3
3
3
3
3
3
3
3
3
3
3
4
4
3
3
3
3
3
4
4
3
3
3
4
4
4
3
4
4
4
4
3
3
26
108
87
90
66
96
61
52
48
41
25
35
34
71
87
141
152
346
420
265
99
144
170
292
317
217
378
460
622
568
278
203
182
239
267
236
351
255
304
406
375
422
328
488
433
496
487
592
634
486
430
260
207
122
80
62
70
50
37
27
14
9
10
16
22
31
31
25
18
21
16
12
17
25
27
44
59
33
10
10
10
11
7
14
9
13
8
3
3
3
4
12
3
4
4
3
3
4
4
4
4
5
4
4
4
5
4
6
4
5
5
5
4
4
6
4
8
6
7
10
14
14
16
15
14
16
17
15
21
23
27
36
45
41
47
26
32
42
54
40
30
27
24
20
17
17
19
25
43
54
65
55
35
37
45
45
41
38
49
37
57
67
74
52
56
61
82
65
61
87
73
64
61
77
72
85
68
61
61
69
74
37
51
61
68
57
74
101
93
71
70
87
95
71
66
60
65
81
59
66
57
82
66
88
88
65
87
66
99
62
88
69
105
88
93
123
82
83
80
82
59
63
71
83
60
81
72
81
77
57
62
68
67
63
54
44
56
46
75
55
58
41
47
55
54
74
53
58
50
59
46
60
49
57
51
64
43
62
52
64
48
46
66
59
63
52
61
56
47
58
50
61
60
68
69
41
55
63
58
65
58
44
63
61
61
57
53
56
67
69
60
46
54
41
54
51
54
68
52
55
64
53
75
44
44
42
50
76
58
54
43
51
44
55
64
58
56
56
68
51
55
58
61
47
53
55
63
62
67
54
43
61
57
59
53
53
59
56
43
55
62
56
65
54
69
43
60
51
63
55
66
59
39
69
85
64
83
77
63
85
79
72
84
66
59
85
60
55
62
59
65
56
52
64
54
63
83
86
55
75
59
107
50
62
85
79
48
75
57
56
84
37
88
63
63
50
63
65
67
66
45
62
62
49
47
41
71
53
52
46
68
57
45
49
57
51
49
46
62
74
47
55
71
50
53
63
58
70
69
59
68
54
63
77
57
57
42
57
55
52
55
45
60
52
38
60
53
46
49
49
82
75
51
56
62
53
56
38
53
54
42
51
63
53
52
63
57
54
67
64
53
51
49
76
63
67
65
77
67
46
75
72
55
64
52
70
79
63
70
61
67
71
70
58
61
66
65
74
61
63
59
65
58
55
46
41
71
57
45
66
58
47
52
51
44
65
40
63
47
39
44
62
61
52
48
52
49
72
36
53
51
56
98
65
80
68
67
71
75
58
77
47
56
66
56
60
66
70
60
65
45
53
58
44
54
70
45
56
35
35
61
38
40
62
49
54
66
44
42
49
55
55
66
41
47
50
48
61
55
44
52
42
43
52
43
47
42
56
44
77
50
48
43
78
39
52
53
38
51
43
41
36
47
62
39
45
51
47
48
58
35
40
42
48
54
40
46
44
41
39
53
40
47
45
35
51
59
46
50
46
46
39
54
64
43
50
33
53
33
49
49
38
43
41
57
46
41
45
47
40
42
49
45
54
46
44
48
38
43
54
45
48
36
41
48
37
41
27
46
47
37
54
38
41
44
31
60
37
82
62
64
55
50
49
40
39
49
30
35
32
53
42
43
45
44
41
34
47
50
39
36
30
32
46
34
45
36
39
35
37
34
40
42
29
31
41
52
37
51
41
50
35
41
49
54
49
54
40
38
53
34
42
32
47
47
39
39
46
48
39
44
52
41
51
50
58
44
60
61
45
49
41
46
54
53
53
71
62
48
59
74
65
68
57
38
44
51
53
61
55
69
51
48
46
59
39
43
45
50
52
45
36
49
45
51
54
53
44
47
53
43
62
54
52
51
45
52
50
53
41
42
46
46
35
56
54
42
53
57
43
45
54
50
48
77
47
56
89
62
78
62
62
74
59
62
55
57
63
53
57
57
58
88
66
75
66
49
65
59
60
54
53
39
49
63
47
48
42
49
52
44
67
94
51
53
52
51
58
47
58
68
59
54
42
61
51
50
43
74
50
43
54
50
45
53
61
60
61
51
59
69
46
52
53
51
57
32
61
48
58
63
51
66
51
61
48
56
52
57
53
44
51
50
62
56
46
50
51
49
42
43
49
50
56
62
42
53
40
51
53
50
57
49
43
79
54
47
51
55
52
52
54
53
51
52
61
67
61
56
57
66
70
61
54
49
42
65
55
54
58
49
58
66
45
66
50
62
63
48
59
63
51
66
48
49
56
66
73
56
45
50
65
50
74
42
58
45
44
66
51
61
76
79
54
64
67
55
66
45
54
72
54
58
61
61
84
50
65
58
41
53
59
53
55
64
42
54
39
44
69
42
37
62
63
54
63
43
60
54
55
42
59
52
70
48
44
46
70
33
50
40
60
48
51
59
69
57
58
57
54
51
53
46
52
44
51
48
54
52
52
52
70
51
48
60
56
61
53
57
48
64
70
48
41
56
64
54
56
77
50
47
46
63
58
66
50
59
53
63
59
64
56
52
73
71
66
50
43
52
41
51
52
48
43
67
76
64
62
75
76
49
75
47
52
77
59
62
49
38
54
54
47
60
84
47
49
44
68
53
52
57
70
61
54
60
53
59
66
61
71
53
69
65
53
40
66
83
68
68
61
64
68
56
60
73
33
55
69
52
69
43
72
43
63
51
54
66
72
57
51
59
44
72
60
57
44
48
63
58
66
58
67
72
52
81
69
65
58
60
91
85
80
58
65
109
80
87
78
101
58
74
75
59
63
83
61
82
73
60
76
57
52
75
52
93
73
47
68
70
48
54
66
78
62
55
70
61
59
63
46
64
67
44
48
46
86
58
62
53
45
43
65
64
55
64
55
60
59
76
63
31
47
50
61
46
50
48
60
58
47
39
54
47
51
44
52
55
53
42
60
39
52
42
53
45
58
42
31
38
65
41
47
40
42
56
45
41
37
38
42
36
46
35
47
44
43
54
36
39
36
35
40
51
38
57
38
44
44
35
40
45
54
55
47
36
45
48
53
53
40
53
34
49
40
52
42
40
40
45
46
36
29
45
43
37
35
38
39
55
44
34
44
37
43
48
33
47
31
34
30
48
33
43
38
42
32
38
41
44
32
48
44
44
44
37
52
36
46
45
39
32
32
40
36
40
34
44
34
39
30
35
44
27
43
35
33
42
40
50
39
36
46
54
41
46
48
67
27
48
38
45
50
39
35
43
40
50
45
46
37
43
47
55
39
43
47
37
49
39
31
49
39
44
47
36
40
41
43
34
33
42
30
33
36
35
36
29
37
55
30
53
60
49
95
63
82
105
86
121
70
78
84
76
70
78
86
53
78
91
58
57
76
59
57
52
62
55
56
63
61
60
86
52
62
56
57
49
57
50
61
65
67
85
78
55
58
55
61
68
59
47
51
62
53
76
63
52
74
59
60
65
56
50
61
50
65
55
68
47
58
63
47
40
60
57
61
77
78
68
77
62
71
74
69
57
73
59
55
84
58
64
63
66
68
49
52
67
60
72
65
58
83
84
80
94
71
77
90
69
89
58
71
64
82
64
50
73
82
82
65
75
69
63
95
68
52
49
56
53
61
57
64
52
50
64
53
50
65
52
55
47
51
47
50
48
41
45
57
60
61
43
63
65
53
59
52
45
43
47
46
63
62
38
41
60
47
56
39
29
55
56
57
76
64
67
63
52
56
48
44
51
53
55
56
55
43
47
50
58
39
53
54
40
48
56
53
44
52
63
57
50
53
65
46
55
53
66
49
52
71
64
48
42
45
41
56
50
51
53
56
53
44
55
50
55
42
54
58
43
43
44
49
44
65
53
55
44
59
62
67
41
49
51
70
53
56
69
76
56
66
37
59
66
52
66
74
57
72
87
73
59
56
63
65
67
69
61
74
54
77
61
57
49
81
49
64
57
73
61
75
55
58
71
75
70
70
65
68
56
57
58
53
61
70
55
73
58
59
54
60
50
58
53
49
53
65
75
42
82
78
83
60
55
45
62
64
60
57
71
56
70
55
72
44
53
55
55
59
67
75
61
59
75
51
71
74
85
58
84
66
59
58
71
64
64
57
45
47
58
60
62
51
58
50
66
72
95
65
96
77
78
78
72
62
67
89
87
88
72
80
61
76
68
44
62
74
75
74
70
76
74
58
55
76
63
59
66
64
73
64
58
76
63
61
83
66
60
63
63
64
70
65
71
79
79
55
71
63
65
58
64
58
54
99
82
81
74
72
50
56
67
74
49
67
76
60
59
72
85
67
57
69
74
70
60
66
75
56
65
54
54
56
58
64
55
51
61
57
59
59
60
54
74
75
43
69
52
80
61
66
62
78
50
63
68
60
72
63
63
69
58
85
59
74
61
78
70
74
74
53
67
55
89
73
66
70
47
56
53
57
65
65
79
61
60
76
98
71
61
67
68
70
75
67
69
58
46
69
60
57
60
58
43
55
57
59
62
65
57
55
49
59
57
64
59
60
66
60
67
60
60
67
57
67
50
43
64
67
63
73
60
61
63
60
67
74
67
85
51
59
81
65
52
68
70
53
65
53
81
69
64
61
60
48
64
55
45
53
76
61
59
67
95
98
82
89
99
82
77
69
89
94
92
91
61
86
76
69
73
61
88
51
71
69
63
50
55
62
46
48
56
67
78
66
80
84
67
57
45
64
48
53
46
59
61
61
74
66
63
49
44
43
51
60
61
50
64
58
50
46
44
51
32
35
37
33
41
39
39
45
46
46
42
32
34
44
40
73
52
80
72
79
41
52
48
39
47
39
38
31
38
45
34
43
44
47
37
37
31
30
37
47
45
35
41
35
38
46
38
38
40
39
48
41
44
39
61
41
44
41
38
60
41
41
59
56
50
49
43
40
41
44
38
43
42
40
37
54
43
38
43
59
51
49
40
55
38
43
44
41
52
48
61
51
50
34
48
60
55
57
56
60
43
49
51
46
41
59
59
52
71
66
59
52
68
63
69
53
62
55
71
63
50
54
51
50
61
49
63
34
50
36
46
56
58
72
47
62
45
41
46
38
41
49
49
37
57
58
53
48
39
49
38
33
48
42
32
43
48
42
29
33
36
47
38
44
33
47
48
42
29
27
54
37
54
32
45
67
54
47
38
54
51
43
52
44
39
34
45
42
50
36
52
50
47
54
45
53
66
71
68
46
49
38
36
37
45
48
38
37
40
45
48
46
37
38
36
48
47
42
31
57
43
48
46
55
37
37
39
50
38
47
46
56
45
42
72
56
57
57
36
54
47
47
28
41
42
47
54
46
41
47
35
42
36
37
38
28
40
39
32
33
43
37
42
44
38
38
41
32
44
36
34
25
57
45
37
67
35
52
36
31
35
50
37
42
37
37
31
52
49
35
40
42
54
42
48
36
43
32
44
48
51
65
63
50
53
53
67
62
48
71
60
64
42
50
60
55
66
59
52
55
59
72
34
48
47
41
56
45
55
49
40
39
46
67
50
55
60
49
45
41
45
52
48
45
45
46
66
44
39
53
57
66
61
44
57
64
50
63
50
44
74
76
58
59
55
63
78
61
67
73
56
58
56
59
66
56
47
47
59
63
63
59
68
101
49
82
69
54
33
49
64
48
53
59
48
60
53
52
62
73
44
68
67
55
60
57
57
66
62
63
70
57
82
78
74
53
67
70
77
50
79
85
75
66
61
56
71
74
68
67
78
87
58
82
78
117
66
78
67
73
88
51
98
87
50
70
94
72
71
62
71
72
84
59
67
65
64
65
77
89
56
60
69
44
71
90
78
62
55
65
67
62
47
63
85
52
47
58
66
43
71
63
55
53
52
56
65
50
68
54
68
51
57
62
69
66
65
50
64
57
54
35
68
73
51
55
89
77
88
78
66
101
60
77
70
60
53
80
68
74
44
52
36
52
55
60
60
77
68
42
59
50
74
63
72
60
72
88
70
86
81
90
78
69
43
75
65
83
84
78
72
62
65
68
79
60
78
57
70
61
53
54
66
70
76
78
66
92
95
102
80
76
58
82
76
68
65
68
74
53
64
63
55
84
59
68
79
67
69
86
63
63
60
81
67
68
52
75
66
69
95
56
87
87
45
102
82
76
55
73
83
69
70
47
88
83
66
52
65
65
83
63
70
47
66
58
53
72
73
86
67
71
57
58
59
60
59
56
44
48
57
64
63
68
53
73
63
79
43
73
55
61
61
51
50
46
47
62
63
64
56
54
59
62
74
75
66
64
64
75
67
88
75
68
57
67
50
40
83
64
66
78
49
77
46
76
52
61
70
50
72
70
73
69
70
85
58
80
65
61
48
67
58
59
48
69
62
54
77
52
45
61
48
76
58
72
89
57
77
73
59
88
64
85
92
63
98
91
81
93
86
78
104
118
100
45
74
79
73
72
77
73
69
73
78
82
72
83
73
80
69
76
100
89
90
89
85
82
77
86
50
114
69
82
85
87
63
84
90
84
91
66
99
73
95
103
68
105
73
82
82
102
57
73
73
76
56
63
81
72
80
73
70
107
89
80
61
56
78
77
67
86
90
67
61
61
66
63
77
62
68
89
52
87
76
88
77
87
92
138
60
75
77
90
73
76
95
75
74
75
97
70
97
103
72
89
97
77
66
70
85
90
88
85
69
78
100
106
95
79
80
89
93
75
82
82
79
111
69
71
85
61
81
88
87
90
79
97
80
70
105
77
98
88
84
85
111
90
74
83
88
147
60
120
70
103
84
76
95
73
98
81
71
106
55
89
75
77
101
108
77
93
103
94
92
54
84
83
76
83
110
74
69
94
86
63
74
63
81
109
116
93
92
86
76
88
79
73
86
87
75
89
87
64
90
68
77
84
91
131
80
93
71
66
79
79
75
55
79
79
54
70
63
64
49
61
44
56
60
60
52
64
49
48
52
63
56
62
46
48
38
57
59
71
58
57
84
60
72
48
89
68
79
64
71
95
73
65
82
62
80
75
58
100
59
70
56
55
94
84
97
74
76
75
59
68
82
54
84
91
77
87
71
108
87
68
77
66
97
89
84
63
92
70
53
77
61
73
76
62
69
77
69
91
70
81
63
70
84
53
78
97
54
81
60
72
74
70
71
93
64
71
64
82
89
64
70
83
85
57
118
87
75
87
73
91
85
77
88
77
82
67
50
78
64
80
103
71
80
92
74
63
81
75
74
63
89
87
62
83
87
81
75
72
84
89
71
89
93
72
84
73
71
81
59
61
85
57
65
54
69
53
86
85
86
84
67
71
90
63
73
78
72
105
69
91
74
86
83
95
65
97
85
80
81
70
66
74
76
70
92
86
79
78
95
79
104
76
86
69
101
77
126
83
93
72
72
81
88
96
77
75
90
72
79
84
90
70
94
81
71
63
83
95
67
70
89
55
110
60
98
73
68
78
82
64
81
98
66
84
55
93
79
72
98
89
70
86
83
78
83
97
77
80
84
57
101
74
78
86
69
100
113
102
71
72
61
96
93
65
69
82
102
65
78
84
77
79
69
87
85
83
83
69
81
59
83
96
75
92
81
83
79
80
94
91
97
83
97
82
99
87
72
72
77
80
78
65
64
93
72
62
100
84
60
64
67
101
85
90
106
66
77
82
77
79
78
81
73
88
85
93
68
104
77
76
75
82
82
88
70
95
88
64
85
82
71
62
85
76
79
84
96
76
89
74
102
74
74
91
86
96
104
104
85
105
107
73
68
97
87
77
88
80
89
97
96
136
105
113
89
99
86
90
89
73
90
77
67
82
84
62
79
61
84
56
54
77
79
46
62
64
72
37
72
78
91
60
64
68
69
86
84
79
58
58
76
56
64
70
76
58
65
81
51
52
53
53
60
76
74
65
58
59
54
54
67
63
64
75
76
87
56
79
80
55
67
75
65
49
66
66
66
63
69
76
62
63
68
67
62
57
70
63
57
97
76
60
73
65
73
68
59
75
64
65
54
69
68
65
79
95
68
67
67
68
93
68
75
71
65
79
80
53
82
58
76
71
70
75
52
73
58
69
61
64
60
69
56
49
62
76
57
59
72
86
70
79
76
70
64
69
76
60
71
67
63
74
77
65
65
82
62
73
84
64
80
66
67
61
51
50
73
57
56
83
66
66
64
39
56
85
77
68
66
68
72
65
73
66
64
81
71
62
61
86
59
74
81
90
70
76
89
73
74
56
84
92
88
91
89
70
72
75
67
86
79
76
82
91
76
91
66
88
59
77
77
70
80
83
74
63
76
75
83
72
78
96
79
83
91
108
80
98
102
102
98
76
90
87
88
84
91
87
73
83
83
76
102
76
72
93
116
93
88
67
78
70
98
65
66
82
82
66
62
65
72
69
69
64
74
85
73
87
85
99
93
94
58
86
66
57
69
63
78
61
65
53
62
57
74
54
52
74
81
65
63
68
49
54
62
59
44
40
56
45
46
48
56
48
46
61
57
54
49
53
41
63
62
56
71
46
39
59
39
49
78
53
57
55
39
50
50
54
74
51
63
47
65
64
48
46
41
47
68
47
49
67
56
58
57
72
39
64
61
43
51
66
76
71
84
89
76
67
101
63
89
98
67
82
61
91
75
72
71
63
80
66
53
66
78
85
80
96
54
67
56
70
69
69
54
73
71
62
66
79
53
70
66
81
79
82
67
71
66
85
71
63
64
74
57
89
91
76
66
75
66
90
64
80
62
68
70
66
84
84
73
76
68
78
60
83
74
90
73
76
78
61
66
62
80
65
82
85
50
87
71
90
85
58
55
81
67
70
68
68
60
73
67
68
75
76
76
72
84
71
60
56
72
67
75
63
79
80
57
82
65
88
65
90
74
73
56
73
70
54
55
67
71
57
64
52
68
65
72
61
73
56
52
72
75
57
66
73
89
81
86
54
60
61
59
72
62
80
65
85
58
60
87
74
78
69
77
91
66
69
83
78
68
72
66
53
62
83
91
67
77
60
65
76
63
72
72
58
68
59
86
83
80
52
74
77
78
73
83
64
104
96
86
104
76
99
105
115
113
89
83
78
86
65
91
98
94
99
111
79
79
87
88
48
49
67
94
75
71
53
81
56
60
54
58
67
53
69
51
60
76
71
49
60
57
60
66
58
64
65
65
67
61
62
51
81
71
62
58
50
62
71
50
55
56
55
71
55
49
53
48
51
63
62
49
52
51
52
43
51
50
66
58
65
60
62
54
58
60
69
56
59
60
66
75
76
58
69
55
52
44
56
69
61
42
84
78
59
80
72
61
61
64
56
69
92
80
65
65
79
60
72
67
55
63
67
54
83
76
45
79
53
106
78
73
106
76
89
90
113
105
123
100
143
107
91
96
98
130
84
117
82
91
105
71
100
72
91
108
87
104
75
80
103
69
64
89
71
107
77
84
76
72
84
71
66
80
63
52
69
56
69
76
72
73
68
83
59
69
73
64
64
72
56
79
108
97
63
59
59
67
66
90
91
86
73
64
125
94
84
83
53
79
67
69
110
92
75
90
72
75
73
72
55
91
67
58
69
65
62
46
62
61
78
54
59
61
55
70
62
71
59
57
58
74
51
65
61
60
58
44
60
51
61
84
57
53
49
59
56
49
73
51
60
80
59
70
77
57
76
52
40
81
69
46
68
78
107
60
92
87
126
106
116
128
114
98
105
93
110
96
113
57
66
79
95
67
95
72
69
69
75
83
53
76
78
76
76
60
75
95
64
73
69
69
64
62
56
63
63
50
49
62
71
52
68
65
72
64
84
74
58
68
48
77
52
77
64
78
65
73
78
58
58
61
55
79
81
70
63
60
72
57
81
75
82
64
69
78
75
79
87
75
79
73
74
70
64
83
69
80
85
70
61
41
80
82
87
67
55
68
87
74
87
64
91
86
62
71
62
91
64
94
94
57
71
77
71
124
79
98
61
56
74
50
62
78
70
73
69
74
76
72
82
77
70
88
95
90
100
105
79
94
96
98
116
79
90
76
85
81
107
75
73
84
67
87
97
82
71
97
93
80
87
100
107
94
81
58
105
94
94
130
109
72
104
75
81
105
86
83
107
59
88
117
92
122
107
75
60
106
77
88
71
88
122
75
121
76
97
134
87
112
135
87
125
78
80
75
78
80
108
88
97
110
117
99
89
127
104
88
82
82
75
114
82
73
78
131
99
91
73
86
84
75
80
87
63
86
91
80
87
69
80
84
85
96
83
116
113
112
117
101
88
69
91
100
81
96
74
83
76
98
77
91
85
108
108
78
102
97
65
89
98
111
68
84
87
82
79
79
86
81
80
87
91
91
72
62
82
90
95
134
109
96
103
111
73
111
97
82
103
109
108
105
71
88
86
90
107
69
89
83
80
71
77
129
93
86
81
89
96
75
58
97
78
73
57
102
100
69
110
97
97
76
83
61
75
84
102
99
83
77
118
86
86
89
85
85
110
76
112
103
86
99
92
96
91
67
101
73
81
107
84
83
82
88
123
102
102
88
66
69
88
96
97
132
88
100
112
86
107
84
103
93
74
101
64
82
74
78
84
76
89
100
110
87
90
68
63
92
65
84
66
63
107
84
83
120
97
86
72
97
93
74
75
75
72
91
109
77
57
104
64
95
70
75
101
68
60
87
56
72
60
50
70
78
82
77
88
50
74
89
86
88
114
69
114
94
83
107
91
76
89
86
101
90
95
114
94
86
81
81
73
53
59
114
83
87
89
79
77
120
82
107
58
100
178
203
189
167
169
130
106
111
136
131
171
223
190
195
185
166
156
204
143
140
168
152
127
143
121
118
138
122
138
98
126
108
93
104
116
85
111
91
140
105
89
104
127
123
113
127
106
99
122
123
114
162
112
142
138
124
138
100
115
131
127
99
91
122
117
131
142
97
127
95
121
122
136
93
135
120
126
152
154
120
141
161
153
189
115
163
124
125
108
121
121
161
96
78
96
116
98
137
114
118
125
139
146
140
143
145
125
132
153
148
125
129
114
97
111
100
112
124
158
116
98
94
111
114
114
101
125
115
97
88
80
79
107
85
104
136
91
136
148
108
129
128
128
98
109
137
82
91
82
68
116
96
123
64
109
84
103
71
126
126
114
119
159
115
149
91
118
90
121
105
133
114
110
117
93
109
112
105
74
113
90
109
100
91
91
96
109
99
91
88
107
83
77
61
78
74
88
68
83
68
93
88
89
87
93
81
97
67
75
76
87
53
62
68
62
71
71
56
66
72
88
89
61
68
86
71
94
72
60
87
83
93
50
76
98
80
92
106
94
79
128
92
73
92
109
92
99
91
91
93
71
74
77
95
81
97
90
87
99
69
77
78
75
74
73
95
89
98
107
141
128
114
141
140
141
94
89
101
84
106
89
78
99
100
78
120
107
110
88
92
76
111
122
54
91
109
81
124
133
84
109
93
116
100
78
66
108
102
98
101
80
129
120
119
74
103
61
89
94
105
57
117
115
135
98
140
101
124
75
112
123
126
133
154
130
81
83
79
129
103
91
113
105
136
153
130
115
106
92
134
129
108
113
99
112
139
90
130
122
132
123
130
113
74
117
100
92
129
95
134
99
83
96
101
108
87
80
98
95
88
76
85
118
99
97
83
69
92
73
93
106
94
101
108
96
96
88
76
87
70
100
90
76
92
99
100
102
88
122
98
100
85
59
89
63
87
129
81
98
101
113
113
87
68
85
92
80
105
80
87
82
94
76
76
78
109
85
89
82
77
98
87
101
133
105
93
89
124
106
75
110
84
106
94
88
92
103
82
102
91
135
93
80
106
99
73
90
107
90
100
105
99
106
78
71
59
53
83
80
60
70
55
48
57
52
54
57
59
78
66
45
62
58
61
67
64
52
68
45
63
68
91
69
58
66
68
84
95
105
73
103
74
77
68
83
73
91
82
93
64
69
84
71
57
91
108
80
78
72
64
94
101
84
107
96
117
87
82
72
87
124
97
99
120
115
103
192
97
112
106
123
130
123
106
118
137
115
135
89
90
69
96
54
88
87
63
55
66
76
72
70
59
94
87
60
59
61
66
75
56
49
85
85
57
38
49
33
28
20
36
37
32
36
24
27
25
17
17
12
17
17
17
23
17
21
19
17
20
22
20
20
18
24
18
13
17
21
18
22
13
17
14
15
14
16
22
18
20
18
17
22
17
23
32
28
26
24
29
28
28
24
35
23
26
28
28
36
31
45
40
35
61
102
103
127
136
94
88
78
113
102
94
145
127
129
101
151
118
130
141
132
157
119
105
126
101
104
112
95
99
84
99
84
120
112
126
93
114
86
108
99
115
98
90
94
81
115
100
127
101
109
92
98
109
111
108
61
89
94
109
111
95
101
84
110
100
92
88
73
88
79
89
87
87
90
94
75
91
146
101
95
106
95
107
103
75
97
102
99
109
102
88
105
95
103
111
88
92
116
110
120
112
93
108
108
86
79
96
108
96
105
67
76
68
91
97
90
113
65
81
86
86
104
107
96
115
98
108
82
105
106
103
95
100
99
78
80
84
93
83
79
85
88
82
118
85
92
127
95
107
95
96
90
94
100
89
88
80
107
103
119
101
103
95
95
85
67
116
96
107
127
88
104
99
76
92
88
58
87
72
73
80
105
91
74
86
95
96
91
95
92
114
92
64
91
104
118
83
92
94
116
117
113
95
89
105
95
87
94
105
96
104
88
78
103
62
81
82
82
104
89
124
79
101
117
85
145
113
118
94
82
80
115
95
71
71
100
88
78
110
49
91
68
65
75
100
72
70
66
74
67
67
64
77
75
71
80
89
64
75
79
78
71
81
67
49
76
67
75
95
58
64
66
53
75
56
70
68
65
58
81
61
79
73
85
63
64
74
73
62
60
64
73
81
60
75
71
72
57
84
74
54
74
71
81
69
67
93
69
77
92
77
70
82
71
68
81
64
64
70
66
73
61
73
75
76
93
77
62
81
73
88
65
85
81
78
60
78
78
66
74
66
59
86
98
62
83
84
83
77
67
75
64
64
85
68
83
68
51
76
78
101
72
66
76
81
67
82
67
84
60
75
82
80
89
81
89
79
96
61
71
60
70
68
68
61
110
92
114
98
114
108
101
105
105
94
83
119
86
101
78
133
101
88
94
79
100
125
150
108
122
102
95
99
143
88
107
79
100
150
108
96
109
92
113
81
126
120
98
127
96
106
91
126
98
81
81
94
87
72
78
73
78
74
81
92
83
73
70
90
81
107
76
87
98
97
65
85
98
96
86
69
87
68
73
87
91
79
79
90
90
89
92
83
82
84
79
92
75
87
109
80
79
92
74
81
76
75
99
70
103
68
62
92
89
83
67
60
60
93
74
68
80
55
56
57
54
75
60
63
60
72
77
74
103
88
135
70
83
91
92
62
81
78
80
80
77
98
72
52
68
81
64
58
56
91
71
57
55
91
75
76
74
54
65
72
83
79
90
110
100
86
90
101
97
85
83
74
74
94
86
83
89
104
81
98
90
107
116
77
110
97
94
87
89
87
80
87
81
88
71
68
85
88
77
80
100
82
65
86
106
96
102
75
98
81
79
67
80
96
87
106
69
88
96
92
78
87
120
108
119
122
88
85
93
100
103
106
143
109
77
103
119
98
87
73
110
95
60
92
80
94
74
59
79
69
117
75
79
69
101
101
104
104
103
93
84
115
77
102
119
135
78
124
96
89
110
133
100
107
89
103
127
93
134
120
116
139
77
103
105
96
117
94
87
98
77
87
116
103
129
87
110
102
93
101
101
117
108
109
114
124
88
150
108
77
133
109
122
105
72
107
105
107
113
109
100
102
106
112
75
94
87
92
92
118
75
106
88
87
95
109
92
113
109
122
126
119
105
131
82
97
71
109
92
126
104
101
99
96
107
96
89
113
148
103
128
146
92
107
155
141
107
105
108
106
110
99
90
115
91
97
88
99
129
82
76
98
84
92
70
100
65
109
68
94
100
92
77
154
111
120
126
93
101
94
130
130
112
129
146
117
139
90
79
103
82
69
97
73
80
91
85
67
80
79
66
77
73
92
67
73
62
67
49
83
105
104
71
90
57
58
67
98
59
42
58
67
55
65
77
110
74
60
51
62
65
94
87
80
71
57
77
67
90
70
46
61
62
99
66
87
91
94
107
73
84
75
87
115
92
71
72
83
65
47
118
97
95
102
95
108
98
90
82
105
97
93
99
119
123
98
99
109
86
106
104
102
62
120
98
94
71
88
97
103
81
87
83
88
95
84
65
77
80
51
77
76
75
73
63
71
73
65
80
67
90
67
80
55
73
85
70
70
93
85
84
84
77
63
88
64
80
66
84
89
85
74
68
63
72
76
72
86
85
61
70
61
67
89
69
52
65
83
64
60
72
59
59
67
61
72
73
58
70
60
67
76
76
70
42
92
101
52
75
63
54
77
68
56
72
70
54
93
72
76
87
69
66
72
100
70
87
83
90
73
72
87
62
72
75
80
82
70
71
77
105
78
111
95
95
72
71
87
79
69
86
104
93
62
84
79
99
100
57
99
88
77
92
58
84
76
65
76
71
89
87
70
113
85
79
90
102
81
95
91
91
90
87
87
79
99
98
87
128
96
88
114
107
117
101
129
103
104
100
113
110
112
87
92
110
122
105
129
122
104
131
95
154
134
104
139
142
105
152
133
144
145
113
69
130
93
107
75
127
107
78
56
122
85
143
141
106
107
132
114
107
97
143
172
140
175
154
99
106
104
106
85
95
80
63
96
80
72
90
89
86
75
83
84
88
77
80
84
85
95
71
104
67
62
84
58
81
59
78
60
76
70
57
45
37
67
77
76
63
64
66
82
77
94
59
76
62
98
49
87
86
51
59
53
97
79
69
86
75
121
80
60
74
107
102
111
128
116
138
109
113
150
123
105
136
97
78
79
76
93
72
69
78
85
78
72
65
76
101
82
61
69
64
105
92
119
86
89
135
88
84
102
98
70
103
83
85
141
149
165
146
136
136
136
115
91
134
114
80
159
119
119
134
119
130
109
93
114
103
103
114
104
117
103
98
91
109
93
65
94
83
100
91
109
109
71
103
79
111
87
89
135
93
75
73
78
71
87
85
71
83
68
67
71
76
66
71
85
62
80
70
74
72
60
67
57
57
81
81
79
109
131
126
146
139
125
88
92
113
82
82
87
100
85
85
107
121
127
107
97
95
119
93
68
100
98
109
115
108
113
76
97
67
86
67
77
80
75
104
59
97
84
90
78
114
74
83
91
94
93
139
98
65
71
70
102
89
41
68
87
91
109
84
110
86
83
83
99
79
69
81
82
86
120
68
60
71
70
85
98
93
84
76
67
93
68
59
94
85
74
69
72
71
79
82
78
78
68
71
72
70
83
68
92
71
81
76
58
72
74
91
75
84
92
84
87
70
89
61
71
70
75
98
98
83
84
89
123
138
112
120
82
70
74
95
72
92
83
84
65
64
73
75
60
69
89
87
69
82
88
64
82
91
75
82
66
74
81
68
96
60
87
92
88
74
71
108
102
67
96
124
129
103
95
83
73
85
88
115
106
107
93
96
99
95
86
100
91
124
140
127
70
83
75
83
78
93
76
79
88
106
74
117
115
97
93
105
93
126
97
79
86
81
91
91
135
109
124
110
113
111
76
109
85
106
94
108
98
102
136
124
102
96
84
106
96
89
107
81
111
104
100
68
114
106
98
77
95
101
87
61
86
93
109
67
67
99
89
95
98
97
87
70
104
94
96
127
96
100
93
114
107
87
118
89
99
96
102
90
77
91
96
95
75
123
91
103
84
82
94
97
137
84
111
90
101
64
103
111
80
69
95
70
135
81
110
93
104
99
119
125
110
112
83
90
123
87
113
63
95
79
94
90
93
113
148
118
110
117
94
77
103
116
114
83
100
93
97
81
64
109
112
105
93
109
118
147
117
104
99
98
69
103
114
95
104
90
110
99
101
82
93
83
70
93
86
108
81
121
85
84
121
94
75
112
86
85
107
92
101
121
83
123
100
91
100
99
88
61
108
93
99
100
115
82
109
131
122
131
113
70
100
81
97
99
101
109
108
150
68
96
106
84
102
65
104
78
85
93
101
65
76
158
120
107
99
135
112
130
94
75
86
120
150
134
102
112
92
96
85
131
101
84
95
83
79
76
92
114
88
122
119
92
73
81
70
68
60
75
81
65
60
89
61
93
97
79
67
77
77
83
101
92
89
106
105
109
91
92
109
91
92
90
85
79
106
83
79
73
86
82
83
90
97
102
138
156
97
149
172
157
124
131
128
118
114
111
115
117
136
101
155
109
132
170
119
140
128
158
167
114
145
115
117
82
120
117
104
116
116
134
109
112
102
101
116
104
84
111
94
114
108
126
176
145
117
148
112
173
118
152
136
117
108
83
87
71
62
59
80
63
48
53
50
41
34
40
45
45
44
62
43
38
33
32
31
47
56
46
42
39
49
79
71
13
18
56
45
46
29
5
10
3
3
3
7
3
7
14
19
13
18
7
16
10
9
13
16
13
15
12
13
10
12
15
14
19
22
38
49
58
52
40
58
91
58
55
88
58
48
92
86
82
122
185
190
481
553
432
157
193
249
221
400
394
490
614
380
269
273
320
323
321
43
99
378
507
730
1007
3
106
54
63
60
92
52
40
46
49
46
54
41
37
50
35
50
37
84
36
23
30
47
25
13
18
32
28
8
4
3
3
3
3
4
4
4
4
3
3
4
4
3
4
3
3
3
4
3
3
3
3
3
3
3
4
6
25
25
38
29
43
28
43
27
45
33
24
19
28
5
4
3
3
4
4
3
3
5
9
13
19
37
33
31
37
23
10
